 0.000e+00  2.977e-08 
 1.000e-14 -2.312e-02 
 2.000e-14 -2.566e-02 
 4.000e-14 -2.661e-02 
 8.000e-14 -2.623e-02 
 1.600e-13 -2.765e-02 
 3.200e-13 -2.362e-02 
 6.400e-13 -2.291e-02 
 1.000e-12 -2.259e-02 
 1.064e-12  8.437e-03 
 1.192e-12  9.439e-03 
 1.448e-12  8.482e-03 
 1.960e-12  9.074e-03 
 2.984e-12  6.644e-03 
 5.032e-12  4.435e-03 
 9.128e-12  1.183e-03 
 1.538e-11  3.059e-03 
 2.533e-11  1.214e-03 
 3.533e-11  1.535e-03 
 4.533e-11  3.249e-04 
 5.533e-11  1.492e-03 
 6.533e-11 -2.738e-04 
 7.533e-11  6.642e-04 
 8.533e-11 -4.958e-04 
 9.533e-11  5.844e-04 
 1.053e-10 -5.313e-04 
 1.153e-10  5.586e-04 
 1.253e-10 -5.397e-04 
 1.353e-10  5.486e-04 
 1.453e-10 -5.410e-04 
 1.553e-10  5.438e-04 
 1.653e-10 -5.403e-04 
 1.753e-10  5.410e-04 
 1.853e-10 -5.390e-04 
 1.953e-10  5.390e-04 
 2.053e-10 -5.377e-04 
 2.153e-10  5.375e-04 
 2.253e-10 -5.365e-04 
 2.353e-10  5.362e-04 
 2.453e-10 -5.354e-04 
 2.553e-10  5.351e-04 
 2.653e-10 -5.343e-04 
 2.753e-10  5.340e-04 
 2.853e-10 -5.333e-04 
 2.953e-10  5.330e-04 
 3.053e-10 -5.323e-04 
 3.153e-10  5.320e-04 
 3.253e-10 -5.314e-04 
 3.353e-10  5.311e-04 
 3.453e-10 -5.304e-04 
 3.553e-10  5.301e-04 
 3.653e-10 -5.295e-04 
 3.753e-10  5.292e-04 
 3.853e-10 -5.286e-04 
 3.953e-10  5.283e-04 
 4.053e-10 -5.277e-04 
 4.153e-10  5.274e-04 
 4.253e-10 -5.268e-04 
 4.353e-10  5.265e-04 
 4.453e-10 -5.259e-04 
 4.553e-10  5.256e-04 
 4.653e-10 -5.250e-04 
 4.753e-10  5.247e-04 
 4.853e-10 -5.241e-04 
 4.953e-10  5.238e-04 
 5.053e-10 -5.232e-04 
 5.153e-10  5.229e-04 
 5.253e-10 -5.224e-04 
 5.353e-10  5.220e-04 
 5.453e-10 -5.215e-04 
 5.553e-10  5.211e-04 
 5.653e-10 -5.206e-04 
 5.753e-10  5.203e-04 
 5.853e-10 -5.197e-04 
 5.953e-10  5.194e-04 
 6.053e-10 -5.188e-04 
 6.153e-10  5.185e-04 
 6.253e-10 -5.180e-04 
 6.353e-10  5.176e-04 
 6.453e-10 -5.171e-04 
 6.553e-10  5.168e-04 
 6.653e-10 -5.162e-04 
 6.753e-10  5.159e-04 
 6.853e-10 -5.154e-04 
 6.953e-10  5.150e-04 
 7.053e-10 -5.145e-04 
 7.153e-10  5.142e-04 
 7.253e-10 -5.136e-04 
 7.353e-10  5.133e-04 
 7.453e-10 -5.128e-04 
 7.553e-10  5.124e-04 
 7.653e-10 -5.119e-04 
 7.753e-10  5.116e-04 
 7.853e-10 -5.111e-04 
 7.953e-10  5.107e-04 
 8.053e-10 -5.102e-04 
 8.153e-10  5.099e-04 
 8.253e-10 -5.093e-04 
 8.353e-10  5.090e-04 
 8.453e-10 -5.085e-04 
 8.553e-10  5.082e-04 
 8.653e-10 -5.076e-04 
 8.753e-10  5.073e-04 
 8.853e-10 -5.068e-04 
 8.953e-10  5.064e-04 
 9.053e-10 -5.059e-04 
 9.153e-10  5.056e-04 
 9.253e-10 -5.051e-04 
 9.353e-10  5.048e-04 
 9.453e-10 -5.043e-04 
 9.553e-10  5.039e-04 
 9.653e-10 -5.034e-04 
 9.753e-10  5.031e-04 
 9.853e-10 -5.026e-04 
 9.953e-10  5.022e-04 
 1.001e-09 -5.014e-04 
 1.001e-09  1.147e-02 
 1.001e-09  1.528e-02 
 1.002e-09  1.288e-02 
 1.002e-09  1.537e-02 
 1.002e-09  1.815e-03 
 1.002e-09  1.016e-03 
 1.003e-09  1.553e-03 
 1.003e-09  8.940e-04 
 1.004e-09  1.747e-03 
 1.007e-09  7.490e-04 
 1.012e-09  1.538e-03 
 1.022e-09  7.208e-04 
 1.032e-09  1.926e-03 
 1.042e-09  1.228e-03 
 1.052e-09  2.518e-03 
 1.062e-09  1.473e-03 
 1.072e-09  2.012e-03 
 1.082e-09  8.102e-04 
 1.092e-09  1.390e-03 
 1.102e-09  4.575e-04 
 1.112e-09  1.251e-03 
 1.122e-09 -1.714e-04 
 1.132e-09  5.776e-04 
 1.142e-09 -3.546e-04 
 1.152e-09  5.149e-04 
 1.162e-09 -4.013e-04 
 1.172e-09  4.852e-04 
 1.182e-09 -4.241e-04 
 1.192e-09  4.695e-04 
 1.202e-09 -4.356e-04 
 1.212e-09  4.609e-04 
 1.222e-09 -4.415e-04 
 1.232e-09  4.559e-04 
 1.242e-09 -4.445e-04 
 1.252e-09  4.530e-04 
 1.262e-09 -4.460e-04 
 1.272e-09  4.512e-04 
 1.282e-09 -4.466e-04 
 1.292e-09  4.500e-04 
 1.302e-09 -4.467e-04 
 1.312e-09  4.490e-04 
 1.322e-09 -4.466e-04 
 1.332e-09  4.483e-04 
 1.342e-09 -4.463e-04 
 1.352e-09  4.477e-04 
 1.362e-09 -4.460e-04 
 1.372e-09  4.471e-04 
 1.382e-09 -4.457e-04 
 1.392e-09  4.466e-04 
 1.402e-09 -4.453e-04 
 1.412e-09  4.461e-04 
 1.422e-09 -4.449e-04 
 1.432e-09  4.456e-04 
 1.442e-09 -4.445e-04 
 1.452e-09  4.451e-04 
 1.462e-09 -4.441e-04 
 1.472e-09  4.447e-04 
 1.482e-09 -4.437e-04 
 1.492e-09  4.443e-04 
 1.502e-09 -4.433e-04 
 1.512e-09  4.438e-04 
 1.522e-09 -4.429e-04 
 1.532e-09  4.434e-04 
 1.542e-09 -4.426e-04 
 1.552e-09  4.430e-04 
 1.562e-09 -4.422e-04 
 1.572e-09  4.425e-04 
 1.582e-09 -4.418e-04 
 1.592e-09  4.421e-04 
 1.602e-09 -4.414e-04 
 1.612e-09  4.417e-04 
 1.622e-09 -4.410e-04 
 1.632e-09  4.413e-04 
 1.642e-09 -4.406e-04 
 1.652e-09  4.409e-04 
 1.662e-09 -4.402e-04 
 1.672e-09  4.404e-04 
 1.682e-09 -4.398e-04 
 1.692e-09  4.400e-04 
 1.702e-09 -4.394e-04 
 1.712e-09  4.396e-04 
 1.722e-09 -4.390e-04 
 1.732e-09  4.392e-04 
 1.742e-09 -4.386e-04 
 1.752e-09  4.388e-04 
 1.762e-09 -4.382e-04 
 1.772e-09  4.384e-04 
 1.782e-09 -4.378e-04 
 1.792e-09  4.380e-04 
 1.802e-09 -4.374e-04 
 1.812e-09  4.376e-04 
 1.822e-09 -4.370e-04 
 1.832e-09  4.372e-04 
 1.842e-09 -4.367e-04 
 1.852e-09  4.368e-04 
 1.862e-09 -4.363e-04 
 1.872e-09  4.364e-04 
 1.882e-09 -4.359e-04 
 1.892e-09  4.360e-04 
 1.902e-09 -4.355e-04 
 1.912e-09  4.356e-04 
 1.922e-09 -4.351e-04 
 1.932e-09  4.352e-04 
 1.942e-09 -4.347e-04 
 1.952e-09  4.348e-04 
 1.962e-09 -4.343e-04 
 1.972e-09  4.344e-04 
 1.982e-09 -4.339e-04 
 1.992e-09  4.340e-04 
 2.000e-09 -4.335e-04 
 2.000e-09 -8.871e-03 
 2.000e-09 -8.928e-03 
 2.001e-09 -7.027e-03 
 2.001e-09 -6.854e-03 
 2.001e-09  1.168e-02 
 2.001e-09  1.400e-02 
 2.002e-09  1.113e-02 
 2.002e-09  1.210e-02 
 2.002e-09  1.704e-03 
 2.002e-09  1.183e-03 
 2.002e-09  1.853e-03 
 2.003e-09  1.074e-03 
 2.004e-09  1.510e-03 
 2.006e-09  6.551e-04 
 2.010e-09  1.400e-03 
 2.018e-09  7.230e-04 
 2.028e-09  6.811e-04 
 2.038e-09  7.560e-06 
 2.048e-09  4.543e-04 
 2.058e-09 -1.640e-04 
 2.068e-09  3.568e-04 
 2.078e-09 -2.317e-04 
 2.088e-09  3.201e-04 
 2.098e-09 -2.592e-04 
 2.108e-09  3.038e-04 
 2.118e-09 -2.721e-04 
 2.128e-09  2.956e-04 
 2.138e-09 -2.786e-04 
 2.148e-09  2.912e-04 
 2.158e-09 -2.819e-04 
 2.168e-09  2.887e-04 
 2.178e-09 -2.836e-04 
 2.188e-09  2.873e-04 
 2.198e-09 -2.844e-04 
 2.208e-09  2.865e-04 
 2.218e-09 -2.847e-04 
 2.228e-09  2.860e-04 
 2.238e-09 -2.849e-04 
 2.248e-09  2.856e-04 
 2.258e-09 -2.848e-04 
 2.268e-09  2.854e-04 
 2.278e-09 -2.848e-04 
 2.288e-09  2.851e-04 
 2.298e-09 -2.846e-04 
 2.308e-09  2.849e-04 
 2.318e-09 -2.845e-04 
 2.328e-09  2.847e-04 
 2.338e-09 -2.843e-04 
 2.348e-09  2.845e-04 
 2.358e-09 -2.841e-04 
 2.368e-09  2.843e-04 
 2.378e-09 -2.839e-04 
 2.388e-09  2.841e-04 
 2.398e-09 -2.837e-04 
 2.408e-09  2.839e-04 
 2.418e-09 -2.836e-04 
 2.428e-09  2.837e-04 
 2.438e-09 -2.834e-04 
 2.448e-09  2.835e-04 
 2.458e-09 -2.832e-04 
 2.468e-09  2.833e-04 
 2.478e-09 -2.830e-04 
 2.488e-09  2.831e-04 
 2.498e-09 -2.828e-04 
 2.508e-09  2.829e-04 
 2.518e-09 -2.826e-04 
 2.528e-09  2.827e-04 
 2.538e-09 -2.824e-04 
 2.548e-09  2.825e-04 
 2.558e-09 -2.823e-04 
 2.568e-09  2.824e-04 
 2.578e-09 -2.821e-04 
 2.588e-09  2.822e-04 
 2.598e-09 -2.819e-04 
 2.608e-09  2.820e-04 
 2.618e-09 -2.817e-04 
 2.628e-09  2.818e-04 
 2.638e-09 -2.815e-04 
 2.648e-09  2.816e-04 
 2.658e-09 -2.814e-04 
 2.668e-09  2.814e-04 
 2.678e-09 -2.812e-04 
 2.688e-09  2.813e-04 
 2.698e-09 -2.810e-04 
 2.708e-09  2.811e-04 
 2.718e-09 -2.808e-04 
 2.728e-09  2.809e-04 
 2.738e-09 -2.806e-04 
 2.748e-09  2.807e-04 
 2.758e-09 -2.805e-04 
 2.768e-09  2.805e-04 
 2.778e-09 -2.803e-04 
 2.788e-09  2.803e-04 
 2.798e-09 -2.801e-04 
 2.808e-09  2.802e-04 
 2.818e-09 -2.799e-04 
 2.828e-09  2.800e-04 
 2.838e-09 -2.798e-04 
 2.848e-09  2.798e-04 
 2.858e-09 -2.796e-04 
 2.868e-09  2.796e-04 
 2.878e-09 -2.794e-04 
 2.888e-09  2.795e-04 
 2.898e-09 -2.792e-04 
 2.908e-09  2.793e-04 
 2.918e-09 -2.791e-04 
 2.928e-09  2.791e-04 
 2.938e-09 -2.789e-04 
 2.948e-09  2.789e-04 
 2.958e-09 -2.787e-04 
 2.968e-09  2.788e-04 
 2.978e-09 -2.785e-04 
 2.988e-09  2.786e-04 
 2.998e-09 -2.784e-04 
 3.001e-09  2.782e-04 
 3.001e-09  1.013e-02 
 3.001e-09  1.388e-02 
 3.002e-09  1.201e-02 
 3.002e-09  1.432e-02 
 3.002e-09  7.118e-04 
 3.002e-09  1.836e-04 
 3.003e-09  8.612e-04 
 3.003e-09  4.435e-04 
 3.004e-09  1.020e-03 
 3.007e-09  3.929e-04 
 3.012e-09  8.481e-04 
 3.022e-09  1.893e-04 
 3.032e-09  6.420e-04 
 3.042e-09  1.487e-04 
 3.052e-09  9.233e-04 
 3.062e-09  6.573e-04 
 3.072e-09  1.457e-03 
 3.082e-09  1.008e-03 
 3.092e-09  1.656e-03 
 3.102e-09  9.904e-04 
 3.112e-09  1.569e-03 
 3.122e-09  5.183e-04 
 3.132e-09  1.141e-03 
 3.142e-09  5.578e-05 
 3.152e-09  5.723e-04 
 3.162e-09 -2.048e-04 
 3.172e-09  4.025e-04 
 3.182e-09 -2.890e-04 
 3.192e-09  3.501e-04 
 3.202e-09 -3.112e-04 
 3.212e-09  3.333e-04 
 3.222e-09 -3.171e-04 
 3.232e-09  3.272e-04 
 3.242e-09 -3.187e-04 
 3.252e-09  3.245e-04 
 3.262e-09 -3.190e-04 
 3.272e-09  3.230e-04 
 3.282e-09 -3.190e-04 
 3.292e-09  3.220e-04 
 3.302e-09 -3.188e-04 
 3.312e-09  3.213e-04 
 3.322e-09 -3.186e-04 
 3.332e-09  3.207e-04 
 3.342e-09 -3.184e-04 
 3.352e-09  3.202e-04 
 3.362e-09 -3.181e-04 
 3.372e-09  3.197e-04 
 3.382e-09 -3.178e-04 
 3.392e-09  3.193e-04 
 3.402e-09 -3.176e-04 
 3.412e-09  3.188e-04 
 3.422e-09 -3.173e-04 
 3.432e-09  3.184e-04 
 3.442e-09 -3.170e-04 
 3.452e-09  3.181e-04 
 3.462e-09 -3.168e-04 
 3.472e-09  3.177e-04 
 3.482e-09 -3.165e-04 
 3.492e-09  3.173e-04 
 3.502e-09 -3.162e-04 
 3.512e-09  3.170e-04 
 3.522e-09 -3.159e-04 
 3.532e-09  3.166e-04 
 3.542e-09 -3.156e-04 
 3.552e-09  3.163e-04 
 3.562e-09 -3.153e-04 
 3.572e-09  3.159e-04 
 3.582e-09 -3.150e-04 
 3.592e-09  3.156e-04 
 3.602e-09 -3.147e-04 
 3.612e-09  3.152e-04 
 3.622e-09 -3.144e-04 
 3.632e-09  3.149e-04 
 3.642e-09 -3.141e-04 
 3.652e-09  3.146e-04 
 3.662e-09 -3.138e-04 
 3.672e-09  3.142e-04 
 3.682e-09 -3.135e-04 
 3.692e-09  3.139e-04 
 3.702e-09 -3.132e-04 
 3.712e-09  3.136e-04 
 3.722e-09 -3.129e-04 
 3.732e-09  3.133e-04 
 3.742e-09 -3.126e-04 
 3.752e-09  3.129e-04 
 3.762e-09 -3.123e-04 
 3.772e-09  3.126e-04 
 3.782e-09 -3.120e-04 
 3.792e-09  3.123e-04 
 3.802e-09 -3.117e-04 
 3.812e-09  3.120e-04 
 3.822e-09 -3.114e-04 
 3.832e-09  3.117e-04 
 3.842e-09 -3.111e-04 
 3.852e-09  3.113e-04 
 3.862e-09 -3.108e-04 
 3.872e-09  3.110e-04 
 3.882e-09 -3.105e-04 
 3.892e-09  3.107e-04 
 3.902e-09 -3.102e-04 
 3.912e-09  3.104e-04 
 3.922e-09 -3.098e-04 
 3.932e-09  3.101e-04 
 3.942e-09 -3.095e-04 
 3.952e-09  3.098e-04 
 3.962e-09 -3.092e-04 
 3.972e-09  3.094e-04 
 3.982e-09 -3.089e-04 
 3.992e-09  3.091e-04 
 4.000e-09 -3.086e-04 
 4.000e-09 -1.728e-02 
 4.000e-09 -1.575e-02 
 4.001e-09 -1.568e-02 
 4.001e-09 -1.551e-02 
 4.001e-09  1.232e-02 
 4.001e-09  1.584e-02 
 4.002e-09  1.641e-02 
 4.002e-09  1.633e-02 
 4.002e-09  4.991e-03 
 4.002e-09  4.384e-03 
 4.002e-09  4.980e-03 
 4.003e-09  4.419e-03 
 4.004e-09  4.455e-03 
 4.006e-09  3.977e-03 
 4.010e-09  2.409e-03 
 4.016e-09  2.277e-03 
 4.026e-09  1.847e-03 
 4.036e-09  7.700e-04 
 4.046e-09  1.145e-03 
 4.056e-09  6.692e-04 
 4.066e-09  4.683e-04 
 4.076e-09 -1.821e-04 
 4.086e-09  2.779e-04 
 4.096e-09 -2.391e-04 
 4.106e-09  2.600e-04 
 4.116e-09 -2.516e-04 
 4.126e-09  2.593e-04 
 4.136e-09 -2.558e-04 
 4.146e-09  2.604e-04 
 4.156e-09 -2.579e-04 
 4.166e-09  2.612e-04 
 4.176e-09 -2.590e-04 
 4.186e-09  2.616e-04 
 4.196e-09 -2.597e-04 
 4.206e-09  2.618e-04 
 4.216e-09 -2.601e-04 
 4.226e-09  2.617e-04 
 4.236e-09 -2.602e-04 
 4.246e-09  2.616e-04 
 4.256e-09 -2.601e-04 
 4.266e-09  2.613e-04 
 4.276e-09 -2.599e-04 
 4.286e-09  2.610e-04 
 4.296e-09 -2.597e-04 
 4.306e-09  2.606e-04 
 4.316e-09 -2.594e-04 
 4.326e-09  2.602e-04 
 4.336e-09 -2.590e-04 
 4.346e-09  2.597e-04 
 4.356e-09 -2.586e-04 
 4.366e-09  2.592e-04 
 4.376e-09 -2.582e-04 
 4.386e-09  2.588e-04 
 4.396e-09 -2.578e-04 
 4.406e-09  2.583e-04 
 4.416e-09 -2.573e-04 
 4.426e-09  2.578e-04 
 4.436e-09 -2.569e-04 
 4.446e-09  2.573e-04 
 4.456e-09 -2.564e-04 
 4.466e-09  2.568e-04 
 4.476e-09 -2.560e-04 
 4.486e-09  2.563e-04 
 4.496e-09 -2.555e-04 
 4.506e-09  2.558e-04 
 4.516e-09 -2.550e-04 
 4.526e-09  2.553e-04 
 4.536e-09 -2.546e-04 
 4.546e-09  2.548e-04 
 4.556e-09 -2.541e-04 
 4.566e-09  2.544e-04 
 4.576e-09 -2.536e-04 
 4.586e-09  2.539e-04 
 4.596e-09 -2.532e-04 
 4.606e-09  2.534e-04 
 4.616e-09 -2.527e-04 
 4.626e-09  2.529e-04 
 4.636e-09 -2.522e-04 
 4.646e-09  2.524e-04 
 4.656e-09 -2.518e-04 
 4.666e-09  2.519e-04 
 4.676e-09 -2.513e-04 
 4.686e-09  2.514e-04 
 4.696e-09 -2.508e-04 
 4.706e-09  2.510e-04 
 4.716e-09 -2.503e-04 
 4.726e-09  2.505e-04 
 4.736e-09 -2.499e-04 
 4.746e-09  2.500e-04 
 4.756e-09 -2.494e-04 
 4.766e-09  2.495e-04 
 4.776e-09 -2.489e-04 
 4.786e-09  2.491e-04 
 4.796e-09 -2.485e-04 
 4.806e-09  2.486e-04 
 4.816e-09 -2.480e-04 
 4.826e-09  2.481e-04 
 4.836e-09 -2.475e-04 
 4.846e-09  2.476e-04 
 4.856e-09 -2.471e-04 
 4.866e-09  2.472e-04 
 4.876e-09 -2.466e-04 
 4.886e-09  2.467e-04 
 4.896e-09 -2.462e-04 
 4.906e-09  2.462e-04 
 4.916e-09 -2.457e-04 
 4.926e-09  2.457e-04 
 4.936e-09 -2.452e-04 
 4.946e-09  2.453e-04 
 4.956e-09 -2.448e-04 
 4.966e-09  2.448e-04 
 4.976e-09 -2.443e-04 
 4.986e-09  2.443e-04 
 4.996e-09 -2.438e-04 
 5.001e-09  2.436e-04 
 5.001e-09  1.140e-02 
 5.001e-09  1.519e-02 
 5.002e-09  1.286e-02 
 5.002e-09  1.531e-02 
 5.002e-09  1.769e-03 
 5.002e-09  9.029e-04 
 5.003e-09  1.536e-03 
 5.003e-09  7.292e-04 
 5.004e-09  1.718e-03 
 5.007e-09  6.722e-04 
 5.012e-09  1.583e-03 
 5.022e-09  7.083e-04 
 5.032e-09  1.764e-03 
 5.042e-09  8.246e-04 
 5.052e-09  2.082e-03 
 5.062e-09  1.012e-03 
 5.072e-09  1.462e-03 
 5.082e-09  2.038e-04 
 5.092e-09  7.410e-04 
 5.102e-09 -2.879e-04 
 5.112e-09  4.841e-04 
 5.122e-09 -4.092e-04 
 5.132e-09  4.437e-04 
 5.142e-09 -4.306e-04 
 5.152e-09  4.388e-04 
 5.162e-09 -4.349e-04 
 5.172e-09  4.387e-04 
 5.182e-09 -4.361e-04 
 5.192e-09  4.389e-04 
 5.202e-09 -4.366e-04 
 5.212e-09  4.389e-04 
 5.222e-09 -4.367e-04 
 5.232e-09  4.387e-04 
 5.242e-09 -4.367e-04 
 5.252e-09  4.383e-04 
 5.262e-09 -4.365e-04 
 5.272e-09  4.380e-04 
 5.282e-09 -4.363e-04 
 5.292e-09  4.375e-04 
 5.302e-09 -4.360e-04 
 5.312e-09  4.371e-04 
 5.322e-09 -4.357e-04 
 5.332e-09  4.366e-04 
 5.342e-09 -4.353e-04 
 5.352e-09  4.362e-04 
 5.362e-09 -4.349e-04 
 5.372e-09  4.357e-04 
 5.382e-09 -4.346e-04 
 5.392e-09  4.353e-04 
 5.402e-09 -4.342e-04 
 5.412e-09  4.348e-04 
 5.422e-09 -4.338e-04 
 5.432e-09  4.343e-04 
 5.442e-09 -4.334e-04 
 5.452e-09  4.339e-04 
 5.462e-09 -4.330e-04 
 5.472e-09  4.334e-04 
 5.482e-09 -4.325e-04 
 5.492e-09  4.330e-04 
 5.502e-09 -4.321e-04 
 5.512e-09  4.325e-04 
 5.522e-09 -4.317e-04 
 5.532e-09  4.321e-04 
 5.542e-09 -4.313e-04 
 5.552e-09  4.316e-04 
 5.562e-09 -4.309e-04 
 5.572e-09  4.312e-04 
 5.582e-09 -4.305e-04 
 5.592e-09  4.307e-04 
 5.602e-09 -4.300e-04 
 5.612e-09  4.303e-04 
 5.622e-09 -4.296e-04 
 5.632e-09  4.299e-04 
 5.642e-09 -4.292e-04 
 5.652e-09  4.294e-04 
 5.662e-09 -4.288e-04 
 5.672e-09  4.290e-04 
 5.682e-09 -4.284e-04 
 5.692e-09  4.286e-04 
 5.702e-09 -4.280e-04 
 5.712e-09  4.281e-04 
 5.722e-09 -4.275e-04 
 5.732e-09  4.277e-04 
 5.742e-09 -4.271e-04 
 5.752e-09  4.273e-04 
 5.762e-09 -4.267e-04 
 5.772e-09  4.269e-04 
 5.782e-09 -4.263e-04 
 5.792e-09  4.264e-04 
 5.802e-09 -4.259e-04 
 5.812e-09  4.260e-04 
 5.822e-09 -4.255e-04 
 5.832e-09  4.256e-04 
 5.842e-09 -4.251e-04 
 5.852e-09  4.252e-04 
 5.862e-09 -4.246e-04 
 5.872e-09  4.247e-04 
 5.882e-09 -4.242e-04 
 5.892e-09  4.243e-04 
 5.902e-09 -4.238e-04 
 5.912e-09  4.239e-04 
 5.922e-09 -4.234e-04 
 5.932e-09  4.235e-04 
 5.942e-09 -4.230e-04 
 5.952e-09  4.231e-04 
 5.962e-09 -4.226e-04 
 5.972e-09  4.227e-04 
 5.982e-09 -4.222e-04 
 5.992e-09  4.223e-04 
 6.000e-09 -4.217e-04 
 6.000e-09 -8.765e-03 
 6.000e-09 -8.785e-03 
 6.001e-09 -6.806e-03 
 6.001e-09 -6.803e-03 
 6.001e-09  1.142e-02 
 6.001e-09  1.375e-02 
 6.002e-09  1.080e-02 
 6.002e-09  1.186e-02 
 6.002e-09  1.648e-03 
 6.002e-09  1.126e-03 
 6.002e-09  1.789e-03 
 6.003e-09  1.135e-03 
 6.004e-09  1.573e-03 
 6.006e-09  8.621e-04 
 6.010e-09  1.506e-03 
 6.018e-09  8.367e-04 
 6.028e-09  6.228e-04 
 6.038e-09  4.227e-05 
 6.048e-09  3.561e-04 
 6.058e-09 -1.329e-04 
 6.068e-09  2.667e-04 
 6.078e-09 -1.904e-04 
 6.088e-09  2.400e-04 
 6.098e-09 -2.095e-04 
 6.108e-09  2.306e-04 
 6.118e-09 -2.170e-04 
 6.128e-09  2.267e-04 
 6.138e-09 -2.202e-04 
 6.148e-09  2.249e-04 
 6.158e-09 -2.215e-04 
 6.168e-09  2.239e-04 
 6.178e-09 -2.221e-04 
 6.188e-09  2.233e-04 
 6.198e-09 -2.222e-04 
 6.208e-09  2.230e-04 
 6.218e-09 -2.222e-04 
 6.228e-09  2.227e-04 
 6.238e-09 -2.221e-04 
 6.248e-09  2.224e-04 
 6.258e-09 -2.219e-04 
 6.268e-09  2.222e-04 
 6.278e-09 -2.217e-04 
 6.288e-09  2.219e-04 
 6.298e-09 -2.215e-04 
 6.308e-09  2.217e-04 
 6.318e-09 -2.213e-04 
 6.328e-09  2.214e-04 
 6.338e-09 -2.211e-04 
 6.348e-09  2.212e-04 
 6.358e-09 -2.208e-04 
 6.368e-09  2.210e-04 
 6.378e-09 -2.206e-04 
 6.388e-09  2.207e-04 
 6.398e-09 -2.204e-04 
 6.408e-09  2.205e-04 
 6.418e-09 -2.202e-04 
 6.428e-09  2.203e-04 
 6.438e-09 -2.199e-04 
 6.448e-09  2.200e-04 
 6.458e-09 -2.197e-04 
 6.468e-09  2.198e-04 
 6.478e-09 -2.195e-04 
 6.488e-09  2.196e-04 
 6.498e-09 -2.193e-04 
 6.508e-09  2.194e-04 
 6.518e-09 -2.191e-04 
 6.528e-09  2.191e-04 
 6.538e-09 -2.188e-04 
 6.548e-09  2.189e-04 
 6.558e-09 -2.186e-04 
 6.568e-09  2.187e-04 
 6.578e-09 -2.184e-04 
 6.588e-09  2.185e-04 
 6.598e-09 -2.182e-04 
 6.608e-09  2.182e-04 
 6.618e-09 -2.180e-04 
 6.628e-09  2.180e-04 
 6.638e-09 -2.178e-04 
 6.648e-09  2.178e-04 
 6.658e-09 -2.175e-04 
 6.668e-09  2.176e-04 
 6.678e-09 -2.173e-04 
 6.688e-09  2.174e-04 
 6.698e-09 -2.171e-04 
 6.708e-09  2.172e-04 
 6.718e-09 -2.169e-04 
 6.728e-09  2.169e-04 
 6.738e-09 -2.167e-04 
 6.748e-09  2.167e-04 
 6.758e-09 -2.165e-04 
 6.768e-09  2.165e-04 
 6.778e-09 -2.163e-04 
 6.788e-09  2.163e-04 
 6.798e-09 -2.161e-04 
 6.808e-09  2.161e-04 
 6.818e-09 -2.158e-04 
 6.828e-09  2.159e-04 
 6.838e-09 -2.156e-04 
 6.848e-09  2.157e-04 
 6.858e-09 -2.154e-04 
 6.868e-09  2.155e-04 
 6.878e-09 -2.152e-04 
 6.888e-09  2.153e-04 
 6.898e-09 -2.150e-04 
 6.908e-09  2.150e-04 
 6.918e-09 -2.148e-04 
 6.928e-09  2.148e-04 
 6.938e-09 -2.146e-04 
 6.948e-09  2.146e-04 
 6.958e-09 -2.144e-04 
 6.968e-09  2.144e-04 
 6.978e-09 -2.142e-04 
 6.988e-09  2.142e-04 
 6.998e-09 -2.140e-04 
 7.001e-09  2.137e-04 
 7.001e-09  1.022e-02 
 7.001e-09  1.393e-02 
 7.002e-09  1.208e-02 
 7.002e-09  1.433e-02 
 7.002e-09  7.753e-04 
 7.002e-09  3.004e-04 
 7.003e-09  1.021e-03 
 7.003e-09  5.988e-04 
 7.004e-09  1.182e-03 
 7.007e-09  4.783e-04 
 7.012e-09  8.940e-04 
 7.022e-09  1.879e-04 
 7.032e-09  6.954e-04 
 7.042e-09  1.542e-04 
 7.052e-09  8.469e-04 
 7.062e-09  3.763e-04 
 7.072e-09  9.749e-04 
 7.082e-09  4.034e-04 
 7.092e-09  9.196e-04 
 7.102e-09  1.654e-04 
 7.112e-09  6.493e-04 
 7.122e-09 -9.544e-05 
 7.132e-09  3.843e-04 
 7.142e-09 -2.680e-04 
 7.152e-09  3.222e-04 
 7.162e-09 -2.955e-04 
 7.172e-09  3.127e-04 
 7.182e-09 -3.023e-04 
 7.192e-09  3.110e-04 
 7.202e-09 -3.048e-04 
 7.212e-09  3.106e-04 
 7.222e-09 -3.061e-04 
 7.232e-09  3.104e-04 
 7.242e-09 -3.068e-04 
 7.252e-09  3.102e-04 
 7.262e-09 -3.072e-04 
 7.272e-09  3.100e-04 
 7.282e-09 -3.074e-04 
 7.292e-09  3.098e-04 
 7.302e-09 -3.075e-04 
 7.312e-09  3.095e-04 
 7.322e-09 -3.075e-04 
 7.332e-09  3.093e-04 
 7.342e-09 -3.074e-04 
 7.352e-09  3.090e-04 
 7.362e-09 -3.073e-04 
 7.372e-09  3.086e-04 
 7.382e-09 -3.071e-04 
 7.392e-09  3.083e-04 
 7.402e-09 -3.069e-04 
 7.412e-09  3.080e-04 
 7.422e-09 -3.066e-04 
 7.432e-09  3.077e-04 
 7.442e-09 -3.064e-04 
 7.452e-09  3.073e-04 
 7.462e-09 -3.061e-04 
 7.472e-09  3.070e-04 
 7.482e-09 -3.059e-04 
 7.492e-09  3.067e-04 
 7.502e-09 -3.056e-04 
 7.512e-09  3.064e-04 
 7.522e-09 -3.053e-04 
 7.532e-09  3.060e-04 
 7.542e-09 -3.051e-04 
 7.552e-09  3.057e-04 
 7.562e-09 -3.048e-04 
 7.572e-09  3.054e-04 
 7.582e-09 -3.045e-04 
 7.592e-09  3.051e-04 
 7.602e-09 -3.042e-04 
 7.612e-09  3.048e-04 
 7.622e-09 -3.039e-04 
 7.632e-09  3.044e-04 
 7.642e-09 -3.036e-04 
 7.652e-09  3.041e-04 
 7.662e-09 -3.033e-04 
 7.672e-09  3.038e-04 
 7.682e-09 -3.031e-04 
 7.692e-09  3.035e-04 
 7.702e-09 -3.028e-04 
 7.712e-09  3.032e-04 
 7.722e-09 -3.025e-04 
 7.732e-09  3.029e-04 
 7.742e-09 -3.022e-04 
 7.752e-09  3.026e-04 
 7.762e-09 -3.019e-04 
 7.772e-09  3.023e-04 
 7.782e-09 -3.016e-04 
 7.792e-09  3.020e-04 
 7.802e-09 -3.013e-04 
 7.812e-09  3.017e-04 
 7.822e-09 -3.010e-04 
 7.832e-09  3.014e-04 
 7.842e-09 -3.007e-04 
 7.852e-09  3.011e-04 
 7.862e-09 -3.005e-04 
 7.872e-09  3.008e-04 
 7.882e-09 -3.002e-04 
 7.892e-09  3.005e-04 
 7.902e-09 -2.999e-04 
 7.912e-09  3.002e-04 
 7.922e-09 -2.996e-04 
 7.932e-09  2.999e-04 
 7.942e-09 -2.993e-04 
 7.952e-09  2.996e-04 
 7.962e-09 -2.990e-04 
 7.972e-09  2.993e-04 
 7.982e-09 -2.987e-04 
 7.992e-09  2.990e-04 
 8.000e-09 -2.984e-04 
 8.000e-09 -2.621e-02 
 8.000e-09 -2.484e-02 
 8.001e-09 -2.200e-02 
 8.001e-09 -2.366e-02 
 8.001e-09  8.510e-03 
 8.001e-09  9.365e-03 
 8.002e-09  8.532e-03 
 8.002e-09  8.915e-03 
 8.003e-09  5.412e-03 
 8.006e-09  4.342e-03 
 8.011e-09  1.493e-03 
 8.018e-09  2.969e-03 
 8.028e-09  9.461e-04 
 8.038e-09  1.387e-03 
 8.048e-09  3.965e-04 
 8.058e-09  1.334e-03 
 8.068e-09 -2.344e-04 
 8.078e-09  5.565e-04 
 8.088e-09 -4.084e-04 
 8.098e-09  4.863e-04 
 8.108e-09 -4.402e-04 
 8.118e-09  4.642e-04 
 8.128e-09 -4.477e-04 
 8.138e-09  4.556e-04 
 8.148e-09 -4.489e-04 
 8.158e-09  4.514e-04 
 8.168e-09 -4.483e-04 
 8.178e-09  4.491e-04 
 8.188e-09 -4.473e-04 
 8.198e-09  4.475e-04 
 8.208e-09 -4.463e-04 
 8.218e-09  4.463e-04 
 8.228e-09 -4.454e-04 
 8.238e-09  4.453e-04 
 8.248e-09 -4.446e-04 
 8.258e-09  4.445e-04 
 8.268e-09 -4.439e-04 
 8.278e-09  4.438e-04 
 8.288e-09 -4.432e-04 
 8.298e-09  4.431e-04 
 8.308e-09 -4.426e-04 
 8.318e-09  4.424e-04 
 8.328e-09 -4.419e-04 
 8.338e-09  4.418e-04 
 8.348e-09 -4.413e-04 
 8.358e-09  4.412e-04 
 8.368e-09 -4.407e-04 
 8.378e-09  4.406e-04 
 8.388e-09 -4.402e-04 
 8.398e-09  4.400e-04 
 8.408e-09 -4.396e-04 
 8.418e-09  4.395e-04 
 8.428e-09 -4.390e-04 
 8.438e-09  4.389e-04 
 8.448e-09 -4.385e-04 
 8.458e-09  4.383e-04 
 8.468e-09 -4.379e-04 
 8.478e-09  4.378e-04 
 8.488e-09 -4.374e-04 
 8.498e-09  4.372e-04 
 8.508e-09 -4.368e-04 
 8.518e-09  4.366e-04 
 8.528e-09 -4.363e-04 
 8.538e-09  4.361e-04 
 8.548e-09 -4.357e-04 
 8.558e-09  4.355e-04 
 8.568e-09 -4.352e-04 
 8.578e-09  4.350e-04 
 8.588e-09 -4.346e-04 
 8.598e-09  4.345e-04 
 8.608e-09 -4.341e-04 
 8.618e-09  4.339e-04 
 8.628e-09 -4.335e-04 
 8.638e-09  4.334e-04 
 8.648e-09 -4.330e-04 
 8.658e-09  4.328e-04 
 8.668e-09 -4.325e-04 
 8.678e-09  4.323e-04 
 8.688e-09 -4.319e-04 
 8.698e-09  4.317e-04 
 8.708e-09 -4.314e-04 
 8.718e-09  4.312e-04 
 8.728e-09 -4.308e-04 
 8.738e-09  4.307e-04 
 8.748e-09 -4.303e-04 
 8.758e-09  4.301e-04 
 8.768e-09 -4.298e-04 
 8.778e-09  4.296e-04 
 8.788e-09 -4.293e-04 
 8.798e-09  4.291e-04 
 8.808e-09 -4.287e-04 
 8.818e-09  4.285e-04 
 8.828e-09 -4.282e-04 
 8.838e-09  4.280e-04 
 8.848e-09 -4.277e-04 
 8.858e-09  4.275e-04 
 8.868e-09 -4.271e-04 
 8.878e-09  4.270e-04 
 8.888e-09 -4.266e-04 
 8.898e-09  4.264e-04 
 8.908e-09 -4.261e-04 
 8.918e-09  4.259e-04 
 8.928e-09 -4.256e-04 
 8.938e-09  4.254e-04 
 8.948e-09 -4.250e-04 
 8.958e-09  4.249e-04 
 8.968e-09 -4.245e-04 
 8.978e-09  4.243e-04 
 8.988e-09 -4.240e-04 
 8.998e-09  4.238e-04 
 9.001e-09 -4.230e-04 
 9.001e-09  1.148e-02 
 9.001e-09  1.528e-02 
 9.002e-09  1.288e-02 
 9.002e-09  1.537e-02 
 9.002e-09  1.815e-03 
 9.002e-09  1.016e-03 
 9.003e-09  1.553e-03 
 9.003e-09  8.941e-04 
 9.004e-09  1.746e-03 
 9.007e-09  7.491e-04 
 9.012e-09  1.538e-03 
 9.022e-09  7.208e-04 
 9.032e-09  1.926e-03 
 9.042e-09  1.228e-03 
 9.052e-09  2.515e-03 
 9.062e-09  1.451e-03 
 9.072e-09  2.013e-03 
 9.082e-09  8.004e-04 
 9.092e-09  1.392e-03 
 9.102e-09  4.540e-04 
 9.112e-09  1.255e-03 
 9.122e-09 -1.732e-04 
 9.132e-09  5.803e-04 
 9.142e-09 -3.573e-04 
 9.152e-09  5.175e-04 
 9.162e-09 -4.040e-04 
 9.172e-09  4.878e-04 
 9.182e-09 -4.267e-04 
 9.192e-09  4.721e-04 
 9.202e-09 -4.382e-04 
 9.212e-09  4.635e-04 
 9.222e-09 -4.442e-04 
 9.232e-09  4.586e-04 
 9.242e-09 -4.472e-04 
 9.252e-09  4.557e-04 
 9.262e-09 -4.486e-04 
 9.272e-09  4.538e-04 
 9.282e-09 -4.492e-04 
 9.292e-09  4.526e-04 
 9.302e-09 -4.493e-04 
 9.312e-09  4.517e-04 
 9.322e-09 -4.492e-04 
 9.332e-09  4.510e-04 
 9.342e-09 -4.490e-04 
 9.352e-09  4.503e-04 
 9.362e-09 -4.487e-04 
 9.372e-09  4.498e-04 
 9.382e-09 -4.483e-04 
 9.392e-09  4.493e-04 
 9.402e-09 -4.479e-04 
 9.412e-09  4.488e-04 
 9.422e-09 -4.476e-04 
 9.432e-09  4.483e-04 
 9.442e-09 -4.472e-04 
 9.452e-09  4.478e-04 
 9.462e-09 -4.468e-04 
 9.472e-09  4.474e-04 
 9.482e-09 -4.464e-04 
 9.492e-09  4.469e-04 
 9.502e-09 -4.460e-04 
 9.512e-09  4.465e-04 
 9.522e-09 -4.456e-04 
 9.532e-09  4.461e-04 
 9.542e-09 -4.452e-04 
 9.552e-09  4.457e-04 
 9.562e-09 -4.449e-04 
 9.572e-09  4.452e-04 
 9.582e-09 -4.445e-04 
 9.592e-09  4.448e-04 
 9.602e-09 -4.441e-04 
 9.612e-09  4.444e-04 
 9.622e-09 -4.437e-04 
 9.632e-09  4.440e-04 
 9.642e-09 -4.433e-04 
 9.652e-09  4.436e-04 
 9.662e-09 -4.429e-04 
 9.672e-09  4.432e-04 
 9.682e-09 -4.425e-04 
 9.692e-09  4.428e-04 
 9.702e-09 -4.421e-04 
 9.712e-09  4.423e-04 
 9.722e-09 -4.417e-04 
 9.732e-09  4.419e-04 
 9.742e-09 -4.413e-04 
 9.752e-09  4.415e-04 
 9.762e-09 -4.410e-04 
 9.772e-09  4.411e-04 
 9.782e-09 -4.406e-04 
 9.792e-09  4.407e-04 
 9.802e-09 -4.402e-04 
 9.812e-09  4.403e-04 
 9.822e-09 -4.398e-04 
 9.832e-09  4.399e-04 
 9.842e-09 -4.394e-04 
 9.852e-09  4.395e-04 
 9.862e-09 -4.390e-04 
 9.872e-09  4.391e-04 
 9.882e-09 -4.386e-04 
 9.892e-09  4.387e-04 
 9.902e-09 -4.382e-04 
 9.912e-09  4.383e-04 
 9.922e-09 -4.378e-04 
 9.932e-09  4.379e-04 
 9.942e-09 -4.375e-04 
 9.952e-09  4.375e-04 
 9.962e-09 -4.371e-04 
 9.972e-09  4.372e-04 
 9.982e-09 -4.367e-04 
 9.992e-09  4.368e-04 
 1.000e-08 -4.363e-04 
