 0.000e+00  6.336e-10 
 4.000e-12 -1.043e-06 
 8.000e-12 -1.197e-06 
 1.600e-11 -1.435e-06 
 3.200e-11 -1.653e-06 
 6.400e-11 -1.736e-06 
 1.280e-10 -1.564e-06 
 2.560e-10  8.194e-06 
 5.120e-10  2.467e-05 
 7.872e-10 -4.554e-06 
 1.000e-09  3.214e-06 
 1.029e-09  4.257e-07 
 1.086e-09 -3.063e-07 
 1.202e-09  2.601e-07 
 1.432e-09 -2.396e-07 
 1.894e-09  2.300e-07 
 2.694e-09 -2.246e-07 
 3.494e-09  2.194e-07 
 4.294e-09 -2.142e-07 
 5.094e-09  2.093e-07 
 5.894e-09 -2.043e-07 
 6.694e-09  1.996e-07 
 7.494e-09 -1.949e-07 
 8.294e-09  1.903e-07 
 9.094e-09 -1.858e-07 
 9.894e-09  1.815e-07 
 1.069e-08 -1.772e-07 
 1.100e-08  1.666e-07 
 1.108e-08  6.001e-07 
 1.124e-08  9.184e-07 
 1.156e-08  3.397e-05 
 1.200e-08  1.850e-05 
 1.206e-08  3.393e-06 
 1.219e-08 -2.081e-06 
 1.245e-08  1.630e-06 
 1.296e-08 -1.440e-06 
 1.376e-08  1.332e-06 
 1.456e-08 -1.228e-06 
 1.536e-08  1.135e-06 
 1.616e-08 -1.045e-06 
 1.696e-08  9.648e-07 
 1.776e-08 -8.876e-07 
 1.856e-08  8.182e-07 
 1.936e-08 -7.513e-07 
 2.000e-08  6.771e-07 
 2.008e-08 -1.464e-06 
 2.024e-08  5.749e-06 
 2.056e-08  1.743e-05 
 2.089e-08 -4.231e-06 
 2.100e-08  2.586e-06 
 2.103e-08  3.118e-07 
 2.110e-08 -2.371e-07 
 2.124e-08  2.069e-07 
 2.152e-08 -1.932e-07 
 2.207e-08  1.867e-07 
 2.287e-08 -1.823e-07 
 2.367e-08  1.781e-07 
 2.447e-08 -1.739e-07 
 2.527e-08  1.699e-07 
 2.607e-08 -1.659e-07 
 2.687e-08  1.620e-07 
 2.767e-08 -1.582e-07 
 2.847e-08  1.545e-07 
 2.927e-08 -1.509e-07 
 3.007e-08  1.474e-07 
 3.087e-08 -1.439e-07 
 3.100e-08  1.242e-07 
 3.108e-08  5.977e-07 
 3.124e-08  9.205e-07 
 3.156e-08  3.397e-05 
 3.200e-08  1.848e-05 
 3.206e-08  3.390e-06 
 3.219e-08 -2.079e-06 
 3.245e-08  1.629e-06 
 3.296e-08 -1.439e-06 
 3.376e-08  1.331e-06 
 3.456e-08 -1.227e-06 
 3.536e-08  1.134e-06 
 3.616e-08 -1.045e-06 
 3.696e-08  9.641e-07 
 3.776e-08 -8.869e-07 
 3.856e-08  8.176e-07 
 3.936e-08 -7.508e-07 
 4.000e-08  6.766e-07 
